runName    /media/jeppe/2TB/RAW/run_
timegate   1000
cs-tac     0
pair-tac   0
reftype    42
reftype2   43
flagtype   0
ref_unit   1 us
run_unit   1 ms
Format     ausa
Fold       1
Traces     0
OnlyCoin   0
calFile    asd
digDaqFile dig_daq_params_polyCfd_crate
outputName /media/jeppe/2TB2/unpackedAUSAnew/run_

|Index		|Type   |Crate		|Mod		|Chan	|Delay      |Link		|Start		|Stop	|minAdc	|Comment
1	1	0	1	0	0	0	0	0	0	I2
2	1	0	1	1	0	0	0	0	0	I2
1	2	0	1	2	0	0	0	0	0	I3
2	2	0	1	3	0	0	0	0	0	I3
1	3	0	1	4	0	0	0	0	0	I4
2	3	0	1	5	0	0	0	0	0	I4
1	4	0	1	6	0	0	0	0	0	I5
2	4	0	1	7	0	0	0	0	0	I5
1	5	0	1	8	0	0	0	0	0	I6
2	5	0	1	9	0	0	0	0	0	I6
1	6	0	1	10	0	0	0	0	0	I7
2	6	0	1	11	0	0	0	0	0	I7
1	7	0	1	12	0	0	0	0	0	I8
2	7	0	1	13	0	0	0	0	0	I8
1	8	0	3	14	0	0	0	0	0	I9
2	8	0	3	15	0	0	0	0	0	I9
1	9	0	2	0	0	0	0	0	0	I10
2	9	0	2	1	0	0	0	0	0	I10
1	10	0	2	2	0	0	0	0	0	I11
2	10	0	2	3	0	0	0	0	0	I11
1	11	0	2	4	0	0	0	0	0	I12
2	11	0	2	5	0	0	0	0	0	I12
1	12	0	2	6	0	0	0	0	0	I13
2	12	0	2	7	0	0	0	0	0	I13
1	13	0	2	8	0	0	0	0	0	I14
2	13	0	2	9	0	0	0	0	0	I14
1	14	0	2	10	0	0	0	0	0	I15
2	14	0	2	11	0	0	0	0	0	I15
1	15	0	2	12	0	0	0	0	0	I16
2	15	0	2	13	0	0	0	0	0	I16
1	16	0	2	14	0	0	0	0	0	I17
2	16	0	2	15	0	0	0	0	0	I17
1	17	0	3	0	0	0	0	0	0	I18
2	17	0	3	1	0	0	0	0	0	I18
1	18	0	3	2	0	0	0	0	0	I19
2	18	0	3	3	0	0	0	0	0	I19
1	19	0	3	4	0	0	0	0	0	I20
2	19	0	3	5	0	0	0	0	0	I20
1	20	0	3	6	0	0	0	0	0	I21
2	20	0	3	7	0	0	0	0	0	I21
1	21	0	3	8	0	0	0	0	0	I22
2	21	0	3	9	0	0	0	0	0	I22
1	22	0	0	0	0	0	0	0	0	B1
2	22	0	0	1	0	0	0	0	0	B1
1	23	0	0	8	0	0	0	0	0	B1S
2	23	0	0	9	0	0	0	0	0	B1S
1	24	0	0	2	0	0	0	0	0	B2
2	24	0	0	3	0	0	0	0	0	B2
1	25	0	0	10	0	0	0	0	0	B2S
2	25	0	0	11	0	0	0	0	0	B2S
1	26	0	0	4	0	0	0	0	0	B3
2	26	0	0	5	0	0	0	0	0	B3
1	27	0	0	12	0	0	0	0	0	B3S
2	27	0	0	13	0	0	0	0	0	B3S
1	28	0	0	6	0	0	0	0	0	B4
2	28	0	0	7	0	0	0	0	0	B4
1	29	0	0	14	0	0	0	0	0	B4S
2	29	0	0	15	0	0	0	0	0	B4S
1	30	0	4	0	0	0	0	0	0	C1
2	30	0	4	1	0	0	0	0	0	C1
3	30	0	4	2	0	0	0	0	0	C1
4	30	0	4	3	0	0	0	0	0	C1
1	31	0	4	4	0	0	0	0	0	C2
2	31	0	4	5	0	0	0	0	0	C2
3	31	0	4	6	0	0	0	0	0	C2
4	31	0	4	7	0	0	0	0	0	C2
1	32	0	4	8	0	0	0	0	0	C3
2	32	0	4	9	0	0	0	0	0	C3
3	32	0	4	10	0	0	0	0	0	C3
4	32	0	4	11	0	0	0	0	0	C3
1	33	0	4	12	0	0	0	0	0	C4
2	33	0	4	13	0	0	0	0	0	C4
3	33	0	4	14	0	0	0	0	0	C4
4	33	0	4	15	0	0	0	0	0	C4
1	34	0	5	0	0	0	0	0	50	U1B
2	34	0	5	1	0	0	0	0	50	U1B
3	34	0	5	2	0	0	0	0	50	U1B
4	34	0	5	3	0	0	0	0	50	U1B
5	34	0	5	4	0	0	0	0	50	U1B
6	34	0	5	5	0	0	0	0	50	U1B
7	34	0	5	6	0	0	0	0	50	U1B
8	34	0	5	7	0	0	0	0	50	U1B
9	34	0	5	8	0	0	0	0	50	U1B
10	34	0	5	9	0	0	0	0	50	U1B
11	34	0	5	10	0	0	0	0	50	U1B
12	34	0	5	11	0	0	0	0	50	U1B
13	34	0	5	12	0	0	0	0	50	U1B
14	34	0	5	13	0	0	0	0	50	U1B
15	34	0	5	14	0	0	0	0	50	U1B
16	34	0	5	15	0	0	0	0	50	U1B
1	35	0	6	0	0	0	0	0	50	U1F
2	35	0	6	1	0	0	0	0	50	U1F
3	35	0	6	2	0	0	0	0	50	U1F
4	35	0	6	3	0	0	0	0	50	U1F
5	35	0	6	4	0	0	0	0	50	U1F
6	35	0	6	5	0	0	0	0	50	U1F
7	35	0	6	6	0	0	0	0	50	U1F
8	35	0	6	7	0	0	0	0	50	U1F
9	35	0	6	8	0	0	0	0	50	U1F
10	35	0	6	9	0	0	0	0	50	U1F
11	35	0	6	10	0	0	0	0	50	U1F
12	35	0	6	11	0	0	0	0	50	U1F
13	35	0	6	12	0	0	0	0	50	U1F
14	35	0	6	13	0	0	0	0	50	U1F
15	35	0	6	14	0	0	0	0	50	U1F
16	35	0	6	15	0	0	0	0	50	U1F
1	36	0	7	0	0	0	0	0	50	U2B
2	36	0	7	1	0	0	0	0	50	U2B
3	36	0	7	2	0	0	0	0	50	U2B
4	36	0	7	3	0	0	0	0	50	U2B
5	36	0	7	4	0	0	0	0	50	U2B
6	36	0	7	5	0	0	0	0	50	U2B
7	36	0	7	6	0	0	0	0	50	U2B
8	36	0	7	7	0	0	0	0	50	U2B
9	36	0	7	8	0	0	0	0	50	U2B
10	36	0	7	9	0	0	0	0	50	U2B
11	36	0	7	10	0	0	0	0	50	U2B
12	36	0	7	11	0	0	0	0	50	U2B
13	36	0	7	12	0	0	0	0	50	U2B
14	36	0	7	13	0	0	0	0	50	U2B
15	36	0	7	14	0	0	0	0	50	U2B
16	36	0	7	15	0	0	0	0	50	U2B
1	37	0	8	0	0	0	0	0	50	U2F
2	37	0	8	1	0	0	0	0	50	U2F
3	37	0	8	2	0	0	0	0	50	U2F
4	37	0	8	3	0	0	0	0	50	U2F
5	37	0	8	4	0	0	0	0	50	U2F
6	37	0	8	5	0	0	0	0	50	U2F
7	37	0	8	6	0	0	0	0	50	U2F
8	37	0	8	7	0	0	0	0	50	U2F
9	37	0	8	8	0	0	0	0	50	U2F
10	37	0	8	9	0	0	0	0	50	U2F
11	37	0	8	10	0	0	0	0	50	U2F
12	37	0	8	11	0	0	0	0	50	U2F
13	37	0	8	12	0	0	0	0	50	U2F
14	37	0	8	13	0	0	0	0	50	U2F
15	37	0	8	14	0	0	0	0	50	U2F
16	37	0	8	15	0	0	0	0	50	U2F
1	38	0	9	0	0	0	0	0	50	U3B
2	38	0	9	1	0	0	0	0	50	U3B
3	38	0	9	2	0	0	0	0	50	U3B
4	38	0	9	3	0	0	0	0	50	U3B
5	38	0	9	4	0	0	0	0	50	U3B
6	38	0	9	5	0	0	0	0	50	U3B
7	38	0	9	6	0	0	0	0	500	U3B
8	38	0	9	7	0	0	0	0	50	U3B
9	38	0	9	8	0	0	0	0	50	U3B
10	38	0	9	9	0	0	0	0	50	U3B
11	38	0	9	10	0	0	0	0	50	U3B
12	38	0	9	11	0	0	0	0	50	U3B
13	38	0	9	12	0	0	0	0	50	U3B
14	38	0	9	13	0	0	0	0	50	U3B
15	38	0	9	14	0	0	0	0	50	U3B
16	38	0	9	15	0	0	0	0	50	U3B
1	39	0	10	0	0	0	0	0	50	U3F
2	39	0	10	1	0	0	0	0	50	U3F
3	39	0	10	2	0	0	0	0	50	U3F
4	39	0	10	3	0	0	0	0	50	U3F
5	39	0	10	4	0	0	0	0	50	U3F
6	39	0	10	5	0	0	0	0	50	U3F
7	39	0	10	6	0	0	0	0	50	U3F
8	39	0	10	7	0	0	0	0	50	U3F
9	39	0	10	8	0	0	0	0	50	U3F
10	39	0	10	9	0	0	0	0	50	U3F
11	39	0	10	10	0	0	0	0	50	U3F
12	39	0	10	11	0	0	0	0	50	U3F
13	39	0	10	12	0	0	0	0	50	U3F
14	39	0	10	13	0	0	0	0	50	U3F
15	39	0	10	14	0	0	0	0	50	U3F
16	39	0	10	15	0	0	0	0	50	U3F
1	40	0	11	0	0	0	0	0	50	U4B
2	40	0	11	1	0	0	0	0	50	U4B
3	40	0	11	2	0	0	0	0	50	U4B
4	40	0	11	3	0	0	0	0	50	U4B
5	40	0	11	4	0	0	0	0	50	U4B
6	40	0	11	5	0	0	0	0	50	U4B
7	40	0	11	6	0	0	0	0	50	U4B
8	40	0	11	7	0	0	0	0	50	U4B
9	40	0	11	8	0	0	0	0	50	U4B
10	40	0	11	9	0	0	0	0	50	U4B
11	40	0	11	10	0	0	0	0	50	U4B
12	40	0	11	11	0	0	0	0	50	U4B
13	40	0	11	12	0	0	0	0	50	U4B
14	40	0	11	13	0	0	0	0	50	U4B
15	40	0	11	14	0	0	0	0	50	U4B
16	40	0	11	15	0	0	0	0	50	U4B
1	41	0	12	0	0	0	0	0	50	U4F
2	41	0	12	1	0	0	0	0	50	U4F
3	41	0	12	2	0	0	0	0	50	U4F
4	41	0	12	3	0	0	0	0	50	U4F
5	41	0	12	4	0	0	0	0	50	U4F
6	41	0	12	5	0	0	0	0	50	U4F
7	41	0	12	6	0	0	0	0	50	U4F
8	41	0	12	7	0	0	0	0	50	U4F
9	41	0	12	8	0	0	0	0	50	U4F
10	41	0	12	9	0	0	0	0	50	U4F
11	41	0	12	10	0	0	0	0	50	U4F
12	41	0	12	11	0	0	0	0	50	U4F
13	41	0	12	12	0	0	0	0	50	U4F
14	41	0	12	13	0	0	0	0	50	U4F
15	41	0	12	14	0	0	0	0	50	U4F
16	41	0	12	15	0	0	0	0	50	U4F
1	42	0	3	10	0	0	0	0	0	Proton
1	43	0	3	11	0	0	0	0	0	BGON
1	44	0	3	12	0	0	0	0	0	BGOFF

--- Comments below ---

!!! Detector Index and Type numbering starts from 1 !!!
!!! Module and Channel numbering starts from 0      !!!
!!! Readme: https://github.com/rlica/xia4ids        !!!
!!! 2022-05-29 - Erik:                              !!!
!!!   "reftype 12" tells xia4ids that Type 12       !!!
!!!   (Mod 3, Chan 10) contains time after protons  !!!
!!!   impinge on production target.                 !!!
!!!   cs-tac, pair-tac and flagtype are for         !!!
!!!   GASPware - i.e. they are unused here.         !!!
