B1_0 303333.333333 -1.3818527091e+03 3.6715452580e-01 -3.1869555117e-05 1.5479051268e-09 -4.8038192220e-14 1.0173416104e-18 -1.5274293883e-23 1.6639474353e-28 -1.3322213993e-33 7.8729178213e-39 -3.4197932323e-44 1.0762890241e-49 -2.3840439894e-55 3.5200797478e-61 -3.1070598211e-67 1.2392381138e-73
B1_1 311333.333333 -1.8270217741e+03 4.9802599201e-01 -4.9571532292e-05 2.8772560989e-09 -1.0641143752e-13 2.6410616571e-18 -4.5586145403e-23 5.6099953133e-28 -5.0009119775e-33 3.2530634742e-38 -1.5418140613e-43 5.2596567414e-49 -1.2565480855e-54 1.9936094153e-60 -1.8856412442e-66 8.0426201173e-73
B2_0 224666.666667 -3.0054614487e+03 8.6944369515e-01 -1.1769586503e-04 9.1573209110e-09 -4.5439375252e-13 1.5193401169e-17 -3.5484903520e-22 5.9319855241e-27 -7.2065959981e-32 6.4057651552e-37 -4.1575458119e-42 1.9455106660e-47 -6.3844403390e-53 1.3929289519e-58 -1.8133240168e-64 1.0652371926e-70
B2_1 227333.333333 -3.8718938476e+03 1.1474466324e+00 -1.5275707399e-04 1.1650755244e-08 -5.6567275192e-13 1.8497245787e-17 -4.2266433523e-22 6.9193265151e-27 -8.2419139107e-32 7.1922173632e-37 -4.5885785267e-42 2.1132621789e-47 -6.8330491906e-53 1.4704389929e-58 -1.8898881152e-64 1.0970605678e-70
B3_0 254000.000000 -9.8060171205e+03 2.6775589934e+00 -3.2628698045e-04 2.2356768087e-08 -9.5783910835e-13 2.7335640732e-17 -5.4174869673e-22 7.6638587325e-27 -7.8702433286e-32 5.9119036408e-37 -3.2432171279e-42 1.2833439722e-47 -3.5632233214e-53 6.5814875229e-59 -7.2580060893e-65 3.6141471707e-71
B3_1 176666.666667 -5.2406557354e+03 -4.4860309901e-01 3.3720865006e-04 -4.9135327454e-08 3.6637057428e-12 -1.6701589081e-16 5.0487811301e-21 -1.0599257584e-25 1.5877404420e-30 -1.7204532263e-35 1.3515092337e-40 -7.6203370966e-46 3.0048279126e-51 -7.8644824235e-57 1.2270807971e-62 -8.6362869748e-69
B4_0 172666.666667 -9.8486116182e+03 2.8913474953e+00 -3.8226098250e-04 3.0016416995e-08 -1.5363769797e-12 5.4002731284e-17 -1.3482046835e-21 2.4437953211e-26 -3.2578618584e-31 3.2091534648e-36 -2.3268351091e-41 1.2242811793e-46 -4.5404967042e-52 1.1239036813e-57 -1.6645896463e-63 1.1145148703e-69
B4_1 166000.000000 -7.5849869708e+03 2.4768330378e+00 -3.6602987299e-04 3.2130123799e-08 -1.8157669248e-12 6.9198727779e-17 -1.8373396572e-21 3.4772647161e-26 -4.7574972682e-31 4.7325157939e-36 -3.4114283583e-41 1.7566137145e-46 -6.2698182130e-52 1.4657283906e-57 -2.0043604610e-63 1.2034427988e-69
I2_0 376666.666667 -3.6006017108e+02 8.8729931559e-02 -3.1836430590e-06 5.9853847818e-11 -6.5170411767e-16 4.2639475630e-21 -1.6971041757e-26 4.0103076416e-32 -5.1584348259e-38 2.7762558565e-44
I2_1 315333.333333 -2.4910829027e+02 6.5021932969e-02 -2.0238781590e-06 3.5182873845e-11 -3.7559394833e-16 2.5025175976e-21 -1.0367979273e-26 2.5567743085e-32 -3.3631793970e-38 1.7594959610e-44
I3_0 388666.666667 -3.5752029346e+02 9.5282397204e-02 -3.5033940775e-06 6.6339182111e-11 -7.2723343943e-16 4.8351455653e-21 -1.9793539016e-26 4.8704877491e-32 -6.6007892949e-38 3.7833419965e-44
I3_1 316666.666667 -2.6419668281e+02 8.2307688039e-02 -3.2344595116e-06 7.0155377250e-11 -9.0344901866e-16 7.0697176125e-21 -3.3819067472e-26 9.6244152550e-32 -1.4925606268e-37 9.6943625288e-44
I4_0 384666.666667 -4.3646646854e+02 9.4280102555e-02 -3.3804961241e-06 6.6605058166e-11 -7.7675271809e-16 5.4946540748e-21 -2.3756812015e-26 6.1176334168e-32 -8.5995133354e-38 5.0718534847e-44
I4_1 368666.666667 -1.7594485141e+02 5.4880814635e-02 -1.6715927947e-06 2.8862957810e-11 -3.1217735587e-16 2.1545712616e-21 -9.4641635208e-27 2.5478631295e-32 -3.8191231725e-38 2.4367952794e-44
I5_0 390000.000000 -4.9469734952e+02 1.1935927546e-01 -4.6662670021e-06 9.2620480223e-11 -1.0406906954e-15 6.9723475116e-21 -2.8397888341e-26 6.8861776022e-32 -9.1304757085e-38 5.0918114363e-44
I5_1 391333.333333 -1.9361751223e+02 6.5424551496e-02 -2.3681058886e-06 4.5622595966e-11 -5.0699499162e-16 3.3817636763e-21 -1.3751019965e-26 3.3291146647e-32 -4.4004413921e-38 2.4416905819e-44
I6_0 392666.666667 -4.3110194693e+02 1.0036476466e-01 -3.6861857718e-06 6.8688359512e-11 -7.2840706566e-16 4.6296382330e-21 -1.7980472616e-26 4.1771968559e-32 -5.3285225006e-38 2.8696559202e-44
I6_1 363333.333333 -3.8342765524e+02 9.5652634077e-02 -3.6509067047e-06 7.3175794300e-11 -8.4180794955e-16 5.8106701544e-21 -2.4521105747e-26 6.1926153252e-32 -8.5891411977e-38 5.0294024496e-44
I7_0 392666.666667 -2.5490902745e+02 8.9219124958e-02 -3.1080885103e-06 5.6011329920e-11 -5.8009332422e-16 3.6244819751e-21 -1.3920048262e-26 3.2139846488e-32 -4.0905800082e-38 2.2042369981e-44
I7_1 383333.333333 -1.7408218707e+02 7.7144044750e-02 -2.6909737936e-06 5.1254025696e-11 -5.6887476158e-16 3.8077715663e-21 -1.5609352530e-26 3.8294667007e-32 -5.1555643325e-38 2.9267892898e-44
I8_0 392666.666667 -4.0019078883e+02 9.8364696942e-02 -3.5680273679e-06 6.6989347255e-11 -7.2451057375e-16 4.7233770311e-21 -1.8851302698e-26 4.4993099521e-32 -5.8890665263e-38 3.2488458749e-44
I8_1 366000.000000 -3.5892276426e+02 1.0201166079e-01 -4.1605435868e-06 8.8079722061e-11 -1.0548783327e-15 7.5151498100e-21 -3.2540890965e-26 8.3954293223e-32 -1.1854849552e-37 7.0466081792e-44
I9_0 392666.666667 -2.2251796666e+02 9.1490052526e-02 -3.5220810401e-06 6.7700072014e-11 -7.2808295627e-16 4.6388829776e-21 -1.7917950802e-26 4.1157992998e-32 -5.1673241144e-38 2.7287613325e-44
I9_1 366000.000000 -2.8321216468e+02 9.2954163019e-02 -3.2482204579e-06 6.1746613177e-11 -6.8684263884e-16 4.6204196842e-21 -1.9097256020e-26 4.7428034682e-32 -6.4905750197e-38 3.7597033655e-44
I10_0 392666.666667 -3.0030536950e+02 1.1116586414e-01 -4.3669070630e-06 8.5528715601e-11 -9.4150935045e-16 6.1685223188e-21 -2.4579774695e-26 5.8381583025e-32 -7.5919660418e-38 4.1571440474e-44
I10_1 392666.666667 -1.5411279753e+02 8.1673281711e-02 -3.0956071052e-06 6.1764718580e-11 -7.0500813284e-16 4.8123904255e-21 -1.9994744653e-26 4.9444096066e-32 -6.6752739542e-38 3.7820996156e-44
I11_0 392666.666667 -3.0136320257e+02 8.3791397089e-02 -2.8249689064e-06 5.0075126796e-11 -5.1867225716e-16 3.2821171507e-21 -1.2865849197e-26 3.0442426540e-32 -3.9770977768e-38 2.2003299502e-44
I11_1 392666.666667 -2.6427095730e+02 1.1816376741e-01 -5.0930756666e-06 1.0682030570e-10 -1.2291594660e-15 8.3110527790e-21 -3.3933960815e-26 8.2225712329e-32 -1.0877789492e-37 6.0484692433e-44
I12_0 392666.666667 -4.9324621186e+02 1.1510137837e-01 -4.3169540580e-06 8.0492278080e-11 -8.4546805893e-16 5.3044026635e-21 -2.0316104103e-26 4.6550254893e-32 -5.8601816120e-38 3.1172109755e-44
I12_1 392666.666667 -3.9220984461e+02 1.1012338533e-01 -4.2817684335e-06 8.4268453658e-11 -9.3301237946e-16 6.1417261942e-21 -2.4583410057e-26 5.8672514084e-32 -7.6707783093e-38 4.2255690493e-44
I13_0 392666.666667 -2.0168007729e+02 9.4447802602e-02 -3.3373877221e-06 5.9150663197e-11 -5.9500458396e-16 3.6069345422e-21 -1.3478588081e-26 3.0408943740e-32 -3.7997433977e-38 2.0200102740e-44
I13_1 392666.666667 -1.6744357969e+02 8.9671639277e-02 -3.0916421672e-06 5.6257084777e-11 -5.8853580290e-16 3.7011224701e-21 -1.4272830843e-26 3.3044441785e-32 -4.2130489757e-38 2.2723355947e-44
I14_0 392666.666667 -2.9754361931e+02 9.0056980220e-02 -3.1342589585e-06 5.7422226691e-11 -6.0846128692e-16 3.9092738354e-21 -1.5497969150e-26 3.7033206773e-32 -4.8850727896e-38 2.7293523036e-44
I14_1 391333.333333 -1.8182128789e+02 1.0051805768e-01 -4.0311131239e-06 8.0708910416e-11 -8.9916894790e-16 5.9208690016e-21 -2.3633499077e-26 5.6139841502e-32 -7.2946147891e-38 3.9890262235e-44
I15_0 392666.666667 -5.2914816918e+02 1.3361101929e-01 -5.1026656324e-06 9.6896840752e-11 -1.0327829894e-15 6.5530868315e-21 -2.5295773035e-26 5.8213730703e-32 -7.3360256539e-38 3.8940955046e-44
I15_1 392666.666667 -3.3937983067e+02 1.0530448646e-01 -3.9399137320e-06 7.6209670076e-11 -8.3775969965e-16 5.5058204369e-21 -2.2077637272e-26 5.2894986390e-32 -6.9501723781e-38 3.8502949407e-44
I16_0 392666.666667 -3.8682731459e+02 1.2112594064e-01 -4.8632156198e-06 9.6399731039e-11 -1.0680434798e-15 7.0367288148e-21 -2.8204858068e-26 6.7423771929e-32 -8.8298663961e-38 4.8724739144e-44
I16_1 392666.666667 -2.4916655380e+02 1.0837728540e-01 -4.4543393084e-06 9.0268559874e-11 -1.0139894389e-15 6.7237176392e-21 -2.6987141691e-26 6.4371269445e-32 -8.3896691698e-38 4.5985992523e-44
I17_0 330000.000000 -1.9002713552e+02 1.0706102758e-01 -4.6670571552e-06 1.0356275518e-10 -1.3033453741e-15 9.8041089914e-21 -4.4891795354e-26 1.2239545822e-31 -1.8235258523e-37 1.1414109706e-43
I17_1 392666.666667 -2.1913800907e+02 1.0552106952e-01 -4.2765547777e-06 8.7928732881e-11 -1.0109637052e-15 6.8834545433e-21 -2.8423560303e-26 6.9833854344e-32 -9.3805075786e-38 5.2991621777e-44
I18_0 392666.666667 -2.6180024050e+02 1.0435421270e-01 -4.0072749457e-06 7.7262895187e-11 -8.4085795245e-16 5.4757605613e-21 -2.1809671075e-26 5.2046221178e-32 -6.8308692535e-38 3.7899147247e-44
I18_1 390000.000000 -1.1762089407e+02 9.4487875315e-02 -3.9303824877e-06 8.1609783341e-11 -9.4548153385e-16 6.4896719628e-21 -2.7020266780e-26 6.6928757166e-32 -9.0612844562e-38 5.1579709086e-44
I19_0 392666.666667 -2.2443498104e+02 9.6538233096e-02 -3.6787977617e-06 7.0950734578e-11 -7.7859246741e-16 5.1199835011e-21 -2.0537383162e-26 4.9139922773e-32 -6.4356874831e-38 3.5473922361e-44
I19_1 392666.666667 -2.2543498119e+02 1.1507977352e-01 -4.8512781416e-06 1.0005980477e-10 -1.1435087612e-15 7.7214524253e-21 -3.1566740586e-26 7.6661463391e-32 -1.0165263043e-37 5.6635141622e-44
I20_0 391333.333333 -2.9000616908e+02 1.2478224266e-01 -5.3891514534e-06 1.1488094019e-10 -1.3656813161e-15 9.6151610955e-21 -4.1011588977e-26 1.0392684448e-31 -1.4377912962e-37 8.3540116947e-44
I20_1 392666.666667 -6.4497030816e+01 7.3457357450e-02 -2.7179035070e-06 5.3744570487e-11 -6.0877229958e-16 4.1175135833e-21 -1.6931792324e-26 4.1448152193e-32 -5.5476619248e-38 3.1235135519e-44
I21_0 392666.666667 -2.5060832655e+02 1.1490579731e-01 -4.8159989312e-06 9.9552892115e-11 -1.1503472047e-15 7.8903810319e-21 -3.2836368734e-26 8.1256438311e-32 -1.0983625262e-37 6.2386666969e-44
I21_1 360666.666667 -2.1534485935e+02 9.3740566018e-02 -3.7156269461e-06 7.6994907320e-11 -9.1753119308e-16 6.5718298154e-21 -2.8737459784e-26 7.4973918774e-32 -1.0707000343e-37 6.4358383386e-44
I22_0 320666.666667 -3.3286364797e+02 1.2704751343e-01 -5.7068461281e-06 1.2842579166e-10 -1.6331623444e-15 1.2409203902e-20 -5.7409659192e-26 1.5818523251e-31 -2.3814729746e-37 1.5053971660e-43
I22_1 312666.666667 -2.5075299181e+02 9.1159080957e-02 -3.7399810860e-06 8.6460148211e-11 -1.1816668871e-15 9.7692799583e-21 -4.9323838370e-26 1.4837829432e-31 -2.4390256791e-37 1.6843345908e-43
